0.001000 1
0.002000 1
0.003000 1
0.004000 1
0.005000 1
0.006000 1
0.007000 1
0.008000 1
0.009000 1
0.010000 1
0.011000 1
0.012000 1
0.013000 1
0.014000 1
0.015000 1
0.016000 1
0.017000 1
0.018000 1
0.019000 1
0.020000 1
0.021000 1
0.022000 1
0.023000 1
0.024000 1
0.025000 1
0.026000 1
0.027000 1
0.028000 1
0.029000 1
0.030000 1
0.031000 1
0.032000 1
0.033000 1
0.034000 1
0.035000 1
0.036000 2
0.037000 1
0.038000 1
0.039000 1
0.040000 1
0.041000 1
0.042000 1
0.043000 1
0.044000 1
0.045000 1
0.046000 2
0.047000 1
0.048000 1
0.049000 1
0.050000 1
0.051000 1
0.052000 1
0.053000 1
0.054000 1
0.055000 1
0.056000 2
0.057000 1
0.058000 1
0.059000 1
0.060000 1
0.061000 2
0.062000 1
0.063000 1
0.064000 1
0.065000 1
0.066000 2
0.067000 1
0.068000 1
0.069000 1
0.070000 1
0.071000 2
0.072000 1
0.073000 1
0.074000 1
0.075000 1
0.076000 3
0.077000 1
0.078000 1
0.079000 1
0.080000 1
0.081000 3
0.082000 1
0.083000 1
0.084000 1
0.085000 1
0.086000 2
0.087000 1
0.088000 1
0.089000 1
0.090000 1
0.091000 2
0.092000 1
0.093000 1
0.094000 1
0.095000 1
0.096000 2
0.097000 1
0.098000 1
0.099000 1
0.100000 1
0.101000 2
0.102000 1
0.103000 1
0.104000 1
0.105000 1
0.106000 2
0.107000 1
0.108000 1
0.109000 1
0.110000 1
0.111000 2
0.112000 1
0.113000 1
0.114000 1
0.115000 1
0.116000 2
0.117000 1
0.118000 1
0.119000 1
0.120000 1
0.121000 3
0.122000 1
0.123000 2
0.124000 1
0.125000 1
0.126000 2
0.127000 1
0.128000 2
0.129000 1
0.130000 2
0.131000 3
0.132000 4
0.133000 1
0.134000 2
0.135000 1
0.136000 2
0.137000 1
0.138000 2
0.139000 1
0.140000 2
0.141000 2
0.142000 2
0.143000 1
0.144000 2
0.145000 1
0.146000 2
0.147000 1
0.148000 3
0.149000 2
0.150000 3
0.151000 2
0.152000 3
0.153000 1
0.154000 2
0.155000 1
0.156000 3
0.157000 1
0.158000 2
0.159000 1
0.160000 2
0.161000 3
0.162000 2
0.163000 1
0.164000 2
0.165000 2
0.166000 3
0.167000 1
0.168000 2
0.169000 1
0.170000 2
0.171000 2
0.172000 3
0.173000 1
0.174000 2
0.175000 1
0.176000 2
0.177000 1
0.178000 2
0.179000 1
0.180000 2
0.181000 2
0.182000 2
0.183000 1
0.184000 2
0.185000 1
0.186000 2
0.187000 1
0.188000 2
0.189000 1
0.190000 2
0.191000 3
0.192000 2
0.193000 2
0.194000 3
0.195000 1
0.196000 3
0.197000 1
0.198000 2
0.199000 1
0.200000 3
0.201000 4
0.202000 2
0.203000 2
0.204000 3
0.205000 1
0.206000 2
0.207000 1
0.208000 2
0.209000 1
0.210000 2
0.211000 3
0.212000 2
0.213000 1
0.214000 2
0.215000 1
0.216000 2
0.217000 1
0.218000 2
0.219000 1
0.220000 2
0.221000 3
0.222000 2
0.223000 1
0.224000 2
0.225000 1
0.226000 2
0.227000 1
0.228000 3
0.229000 2
0.230000 3
0.231000 4
0.232000 5
0.233000 2
0.234000 3
0.235000 1
0.236000 3
0.237000 1
0.238000 2
0.239000 1
0.240000 2
0.241000 2
0.242000 3
0.243000 1
0.244000 2
0.245000 1
0.246000 2
0.247000 1
0.248000 3
0.249000 1
0.250000 2
0.251000 2
0.252000 2
0.253000 2
0.254000 2
0.255000 3
0.256000 4
0.257000 2
0.258000 3
0.259000 2
0.260000 3
0.261000 2
0.262000 3
0.263000 2
0.264000 4
0.265000 2
0.266000 3
0.267000 3
0.268000 4
0.269000 2
0.270000 3
0.271000 2
0.272000 4
0.273000 2
0.274000 2
0.275000 3
0.276000 2
0.277000 4
0.278000 2
0.279000 4
0.280000 3
0.281000 4
0.282000 2
0.283000 2
0.284000 3
0.285000 2
0.286000 3
0.287000 3
0.288000 4
0.289000 2
0.290000 2
0.291000 3
0.292000 2
0.293000 3
0.294000 2
0.295000 3
0.296000 3
0.297000 2
0.298000 3
0.299000 2
0.300000 3
0.301000 2
0.302000 2
0.303000 5
0.304000 2
0.305000 3
0.306000 2
0.307000 3
0.308000 4
0.309000 2
0.310000 2
0.311000 3
0.312000 3
0.313000 4
0.314000 3
0.315000 4
0.316000 5
0.317000 2
0.318000 2
0.319000 5
0.320000 3
0.321000 4
0.322000 2
0.323000 2
0.324000 3
0.325000 2
0.326000 4
0.327000 5
0.328000 2
0.329000 3
0.330000 5
0.331000 2
0.332000 3
0.333000 4
0.334000 3
0.335000 4
0.336000 5
0.337000 2
0.338000 4
0.339000 5
0.340000 2
0.341000 4
0.342000 5
0.343000 2
0.344000 3
0.345000 4
0.346000 2
0.347000 3
0.348000 4
0.349000 2
0.350000 2
0.351000 2
0.352000 5
0.353000 2
0.354000 4
0.355000 5
0.356000 3
0.357000 2
0.358000 2
0.359000 4
0.360000 2
0.361000 4
0.362000 5
0.363000 2
0.364000 2
0.365000 2
0.366000 4
0.367000 2
0.368000 3
0.369000 2
0.370000 5
0.371000 2
0.372000 3
0.373000 4
0.374000 2
0.375000 2
0.376000 4
0.377000 5
0.378000 2
0.379000 2
0.380000 7
0.381000 2
0.382000 4
0.383000 2
0.384000 4
0.385000 2
0.386000 3
0.387000 2
0.388000 2
0.389000 5
0.390000 6
0.391000 2
0.392000 2
0.393000 4
0.394000 2
0.395000 4
0.396000 3
0.397000 2
0.398000 4
0.399000 2
0.400000 4
0.401000 4
0.402000 2
0.403000 3
0.404000 2
0.405000 3
0.406000 2
0.407000 2
0.408000 4
0.409000 2
0.410000 3
0.411000 2
0.412000 2
0.413000 2
0.414000 5
0.415000 3
0.416000 4
0.417000 2
0.418000 2
0.419000 2
0.420000 3
0.421000 2
0.422000 5
0.423000 2
0.424000 2
0.425000 2
0.426000 5
0.427000 3
0.428000 4
0.429000 2
0.430000 2
0.431000 4
0.432000 2
0.433000 3
0.434000 2
0.435000 3
0.436000 4
0.437000 2
0.438000 2
0.439000 3
0.440000 2
0.441000 5
0.442000 2
0.443000 2
0.444000 3
0.445000 2
0.446000 2
0.447000 2
0.448000 2
0.449000 2
0.450000 3
0.451000 2
0.452000 2
0.453000 3
0.454000 2
0.455000 2
0.456000 4
0.457000 2
0.458000 2
0.459000 2
0.460000 2
0.461000 3
0.462000 2
0.463000 2
0.464000 2
0.465000 5
0.466000 3
0.467000 2
0.468000 3
0.469000 2
0.470000 5
0.471000 2
0.472000 3
0.473000 2
0.474000 3
0.475000 2
0.476000 2
0.477000 3
0.478000 2
0.479000 2
0.480000 4
0.481000 2
0.482000 2
0.483000 2
0.484000 2
0.485000 4
0.486000 2
0.487000 2
0.488000 4
0.489000 2
0.490000 2
0.491000 2
0.492000 2
0.493000 2
0.494000 2
0.495000 2
0.496000 3
0.497000 2
0.498000 2
0.499000 2
0.500000 2
0.501000 2
0.502000 2
0.503000 2
0.504000 2
0.505000 2
0.506000 2
0.507000 2
0.508000 6
0.509000 2
0.510000 2
0.511000 2
0.512000 2
0.513000 3
0.514000 2
0.515000 2
0.516000 3
0.517000 2
0.518000 2
0.519000 2
0.520000 4
0.521000 2
0.522000 2
0.523000 2
0.524000 2
0.525000 2
0.526000 3
0.527000 2
0.528000 2
0.529000 2
0.530000 2
0.531000 2
0.532000 5
0.533000 3
0.534000 7
0.535000 2
0.536000 6
0.537000 2
0.538000 6
0.539000 2
0.540000 2
0.541000 2
0.542000 2
0.543000 2
0.544000 2
0.545000 2
0.546000 3
0.547000 7
0.548000 3
0.549000 2
0.550000 2
0.551000 5
0.552000 2
0.553000 3
0.554000 2
0.555000 2
0.556000 4
0.557000 3
0.558000 4
0.559000 2
0.560000 2
0.561000 2
0.562000 2
0.563000 2
0.564000 3
0.565000 3
0.566000 7
0.567000 5
0.568000 2
0.569000 2
0.570000 2
0.571000 2
0.572000 3
0.573000 7
0.574000 3
0.575000 2
0.576000 2
0.577000 2
0.578000 2
0.579000 6
0.580000 3
0.581000 2
0.582000 4
0.583000 2
0.584000 3
0.585000 2
0.586000 2
0.587000 2
0.588000 2
0.589000 7
0.590000 2
0.591000 3
0.592000 8
0.593000 3
0.594000 2
0.595000 2
0.596000 4
0.597000 2
0.598000 2
0.599000 2
0.600000 2
0.601000 8
0.602000 2
0.603000 2
0.604000 2
0.605000 2
0.606000 2
0.607000 9
0.608000 6
0.609000 2
0.610000 3
0.611000 2
0.612000 2
0.613000 6
0.614000 2
0.615000 2
0.616000 2
0.617000 2
0.618000 2
0.619000 2
0.620000 9
0.621000 6
0.622000 6
0.623000 2
0.624000 2
0.625000 2
0.626000 2
0.627000 3
0.628000 3
0.629000 2
0.630000 3
0.631000 5
0.632000 4
0.633000 5
0.634000 2
0.635000 2
0.636000 9
0.637000 2
0.638000 5
0.639000 5
0.640000 5
0.641000 2
0.642000 5
0.643000 2
0.644000 2
0.645000 2
0.646000 10
0.647000 4
0.648000 2
0.649000 3
0.650000 2
0.651000 3
0.652000 2
0.653000 2
0.654000 2
0.655000 2
0.656000 13
0.657000 6
0.658000 2
0.659000 2
0.660000 3
0.661000 2
0.662000 3
0.663000 2
0.664000 6
0.665000 8
0.666000 5
0.667000 2
0.668000 5
0.669000 2
0.670000 2
0.671000 2
0.672000 2
0.673000 2
0.674000 2
0.675000 5
0.676000 2
0.677000 2
0.678000 4
0.679000 4
0.680000 5
0.681000 2
0.682000 2
0.683000 6
0.684000 2
0.685000 2
0.686000 5
0.687000 2
0.688000 5
0.689000 2
0.690000 6
0.691000 7
0.692000 2
0.693000 2
0.694000 6
0.695000 2
0.696000 7
0.697000 3
0.698000 2
0.699000 2
0.700000 5
0.701000 3
0.702000 2
0.703000 2
0.704000 5
0.705000 2
0.706000 2
0.707000 6
0.708000 4
0.709000 7
0.710000 6
0.711000 2
0.712000 2
0.713000 4
0.714000 9
0.715000 6
0.716000 10
0.717000 7
0.718000 2
0.719000 8
0.720000 10
0.721000 9
0.722000 11
0.723000 12
0.724000 13
0.725000 6
0.726000 2
0.727000 15
0.728000 4
0.729000 6
0.730000 2
0.731000 2
0.732000 13
0.733000 2
0.734000 2
0.735000 3
0.736000 4
0.737000 2
0.738000 2
0.739000 2
0.740000 2
0.741000 3
0.742000 5
0.743000 2
0.744000 5
0.745000 2
0.746000 2
0.747000 2
0.748000 3
0.749000 6
0.750000 2
0.751000 2
0.752000 2
0.753000 2
0.754000 4
0.755000 11
0.756000 2
0.757000 15
0.758000 2
0.759000 10
0.760000 5
0.761000 2
0.762000 5
0.763000 2
0.764000 2
0.765000 11
0.766000 2
0.767000 6
0.768000 2
0.769000 14
0.770000 11
0.771000 5
0.772000 10
0.773000 2
0.774000 4
0.775000 7
0.776000 3
0.777000 6
0.778000 2
0.779000 2
0.780000 2
0.781000 14
0.782000 2
0.783000 3
0.784000 2
0.785000 2
0.786000 2
0.787000 6
0.788000 10
0.789000 2
0.790000 6
0.791000 2
0.792000 29
0.793000 4
0.794000 3
0.795000 45
0.796000 11
0.797000 3
0.798000 83
0.799000 2
0.800000 3
0.801000 104
0.802000 3
0.803000 2
0.804000 10
0.805000 11
0.806000 6
0.807000 2
0.808000 6
0.809000 11
0.810000 13
0.811000 2
0.812000 2
0.813000 2
0.814000 10
0.815000 14
0.816000 4
0.817000 2
0.818000 6
0.819000 6
0.820000 3
0.821000 14
0.822000 5
0.823000 2
0.824000 2
0.825000 5
0.826000 6
0.827000 6
0.828000 4
0.829000 6
0.830000 2
0.831000 23
0.832000 36
0.833000 4
0.834000 2
0.835000 13
0.836000 19
0.837000 2
0.838000 5
0.839000 2
0.840000 19
0.841000 40
0.842000 2
0.843000 2
0.844000 8
0.845000 4
0.846000 9
0.847000 10
0.848000 13
0.849000 4
0.850000 5
0.851000 6
0.852000 2
0.853000 44
0.854000 52
0.855000 5
0.856000 19
0.857000 2
0.858000 6
0.859000 44
0.860000 2
0.861000 10
0.862000 58
0.863000 2
0.864000 75
0.865000 76
0.866000 3
0.867000 91
0.868000 2
0.869000 3
0.870000 2
0.871000 9
0.872000 10
0.873000 7
0.874000 118
0.875000 6
0.876000 13
0.877000 132
0.878000 2
0.879000 9
0.880000 10
0.881000 13
0.882000 6
0.883000 27
0.884000 2
0.885000 3
0.886000 10
0.887000 5
0.888000 2
0.889000 32
0.890000 10
0.891000 14
0.892000 6
0.893000 4
0.894000 32
0.895000 3
0.896000 6
0.897000 2
0.898000 23
0.899000 2
0.900000 59
0.901000 6
0.902000 6
0.903000 74
0.904000 12
0.905000 23
0.906000 2
0.907000 38
0.908000 3
0.909000 4
0.910000 2
0.911000 53
0.912000 6
0.913000 76
0.914000 79
0.915000 32
0.916000 6
0.917000 111
0.918000 7
0.919000 7
0.920000 127
0.921000 13
0.922000 6
0.923000 141
0.924000 20
0.925000 168
0.926000 40
0.927000 41
0.928000 49
0.929000 183
0.930000 62
0.931000 197
0.932000 118
0.933000 4
0.934000 6
0.935000 254
0.936000 3
0.937000 9
0.938000 13
0.939000 9
0.940000 282
0.941000 2
0.942000 3
0.943000 23
0.944000 296
0.945000 2
0.946000 6
0.947000 10
0.948000 22
0.949000 323
0.950000 2
0.951000 26
0.952000 10
0.953000 342
0.954000 14
0.955000 3
0.956000 387
0.957000 3
0.958000 412
0.959000 84
0.960000 3
0.961000 427
0.962000 447
0.963000 123
0.964000 6
0.965000 595
0.966000 267
0.967000 20
0.968000 3
0.969000 282
0.970000 10
0.971000 296
0.972000 47
0.973000 24
0.974000 390
0.975000 84
0.976000 3
0.977000 430
0.978000 431
0.979000 113
0.980000 62
0.981000 456
0.982000 166
0.983000 838
0.984000 547
0.985000 236
0.986000 2
0.987000 579
0.988000 253
0.989000 7
0.990000 598
0.991000 270
0.992000 5
0.993000 665
0.994000 339
0.995000 20
0.996000 693
0.997000 377
0.998000 53
0.999000 730
1.000000 405
